0.005 1.45996e-11
0.015 1.61319e-11
0.025 1.78213e-11
0.035 1.96838e-11
0.045 2.17366e-11
0.055 2.39986e-11
0.065 2.64908e-11
0.075 2.92359e-11
0.085 3.2259e-11
0.095 3.55876e-11
0.105 3.92518e-11
0.115 4.32846e-11
0.125 4.77222e-11
0.135 5.26042e-11
0.145 5.79741e-11
0.155 6.38793e-11
0.165 7.0372e-11
0.175 7.75092e-11
0.185 8.5353e-11
0.195 9.39719e-11
0.205 1.0344e-10
0.215 1.1384e-10
0.225 1.25261e-10
0.235 1.37799e-10
0.245 1.51562e-10
0.255 1.66667e-10
0.265 1.8324e-10
0.275 2.01421e-10
0.285 2.21361e-10
0.295 2.43227e-10
0.305 2.672e-10
0.315 2.93476e-10
0.325 3.22272e-10
0.335 3.53823e-10
0.345 3.88385e-10
0.355 4.26237e-10
0.365 4.67686e-10
0.375 5.13062e-10
0.385 5.62728e-10
0.395 6.17078e-10
0.405 6.76543e-10
0.415 7.4159e-10
0.425 8.12728e-10
0.435 8.90512e-10
0.445 9.75545e-10
0.455 1.06848e-09
0.465 1.17004e-09
0.475 1.281e-09
0.485 1.4022e-09
0.495 1.53456e-09
0.505 1.67907e-09
0.515 1.83683e-09
0.525 2.00901e-09
0.535 2.19689e-09
0.545 2.40185e-09
0.555 2.62542e-09
0.565 2.86922e-09
0.575 3.13504e-09
0.585 3.42479e-09
0.595 3.74058e-09
0.605 4.08467e-09
0.615 4.45952e-09
0.625 4.86779e-09
0.635 5.31238e-09
0.645 5.79642e-09
0.655 6.3233e-09
0.665 6.89668e-09
0.675 7.52056e-09
0.685 8.19923e-09
0.695 8.93737e-09
0.705 9.74e-09
0.715 1.06126e-08
0.725 1.1561e-08
0.735 1.25917e-08
0.745 1.37116e-08
0.755 1.4928e-08
0.765 1.62492e-08
0.775 1.76837e-08
0.785 1.9241e-08
0.795 2.09312e-08
0.805 2.27654e-08
0.815 2.47553e-08
0.825 2.69138e-08
0.835 2.92547e-08
0.845 3.17928e-08
0.855 3.45442e-08
0.865 3.75263e-08
0.875 4.07575e-08
0.885 4.42582e-08
0.895 4.80499e-08
0.905 5.21561e-08
0.915 5.66018e-08
0.925 6.14142e-08
0.935 6.66224e-08
0.945 7.22578e-08
0.955 7.83543e-08
0.965 8.49481e-08
0.975 9.20784e-08
0.985 9.97873e-08
0.995 1.0812e-07
1.005 1.17125e-07
1.015 1.26855e-07
1.025 1.37365e-07
1.035 1.48716e-07
1.045 1.60974e-07
1.055 1.74206e-07
1.065 1.88489e-07
1.075 2.03902e-07
1.085 2.20532e-07
1.095 2.38469e-07
1.105 2.57815e-07
1.115 2.78673e-07
1.125 3.0116e-07
1.135 3.25395e-07
1.145 3.51511e-07
1.155 3.79647e-07
1.165 4.09952e-07
1.175 4.42589e-07
1.185 4.77728e-07
1.195 5.15553e-07
1.205 5.56263e-07
1.215 6.00067e-07
1.225 6.47191e-07
1.235 6.97876e-07
1.245 7.52379e-07
1.255 8.10978e-07
1.265 8.73965e-07
1.275 9.41657e-07
1.285 1.01439e-06
1.295 1.09252e-06
1.305 1.17643e-06
1.315 1.26654e-06
1.325 1.36327e-06
1.335 1.4671e-06
1.345 1.57852e-06
1.355 1.69806e-06
1.365 1.82629e-06
1.375 1.96381e-06
1.385 2.11126e-06
1.395 2.26933e-06
1.405 2.43875e-06
1.415 2.62029e-06
1.425 2.81478e-06
1.435 3.02311e-06
1.445 3.2462e-06
1.455 3.48506e-06
1.465 3.74075e-06
1.475 4.01439e-06
1.485 4.30719e-06
1.495 4.62042e-06
1.505 4.95544e-06
1.515 5.31368e-06
1.525 5.69669e-06
1.535 6.10608e-06
1.545 6.54359e-06
1.555 7.01104e-06
1.565 7.51038e-06
1.575 8.04367e-06
1.585 8.61311e-06
1.595 9.22102e-06
1.605 9.86986e-06
1.615 1.05622e-05
1.625 1.13009e-05
1.635 1.20889e-05
1.645 1.29292e-05
1.655 1.38251e-05
1.665 1.47802e-05
1.675 1.5798e-05
1.685 1.68826e-05
1.695 1.80381e-05
1.705 1.92688e-05
1.715 2.05793e-05
1.725 2.19746e-05
1.735 2.34597e-05
1.745 2.50403e-05
1.755 2.6722e-05
1.765 2.85109e-05
1.775 3.04135e-05
1.785 3.24365e-05
1.795 3.45873e-05
1.805 3.68732e-05
1.815 3.93024e-05
1.825 4.18832e-05
1.835 4.46246e-05
1.845 4.75359e-05
1.855 5.0627e-05
1.865 5.39084e-05
1.875 5.73909e-05
1.885 6.10862e-05
1.895 6.50064e-05
1.905 6.91644e-05
1.915 7.35735e-05
1.925 7.82482e-05
1.935 8.32032e-05
1.945 8.84543e-05
1.955 9.40179e-05
1.965 9.99116e-05
1.975 0.000106153
1.985 0.000112763
1.995 0.000119759
2.005 0.000127165
2.015 0.000135001
2.025 0.000143292
2.035 0.000152062
2.045 0.000161335
2.055 0.000171141
2.065 0.000181505
2.075 0.000192459
2.085 0.000204034
2.095 0.000216261
2.105 0.000229175
2.115 0.000242812
2.125 0.000257208
2.135 0.000272404
2.145 0.00028844
2.155 0.000305358
2.165 0.000323205
2.175 0.000342026
2.185 0.00036187
2.195 0.00038279
2.205 0.000404837
2.215 0.000428069
2.225 0.000452544
2.235 0.000478323
2.245 0.000505468
2.255 0.000534048
2.265 0.00056413
2.275 0.000595788
2.285 0.000629097
2.295 0.000664135
2.305 0.000700984
2.315 0.00073973
2.325 0.000780462
2.335 0.000823271
2.345 0.000868255
2.355 0.000915514
2.365 0.000965152
2.375 0.00101728
2.385 0.001072
2.395 0.00112945
2.405 0.00118973
2.415 0.00125299
2.425 0.00131934
2.435 0.00138893
2.445 0.00146189
2.455 0.00153838
2.465 0.00161855
2.475 0.00170256
2.485 0.00179056
2.495 0.00188274
2.505 0.00197927
2.515 0.00208034
2.525 0.00218612
2.535 0.00229683
2.545 0.00241266
2.555 0.00253383
2.565 0.00266054
2.575 0.00279304
2.585 0.00293155
2.595 0.00307631
2.605 0.00322757
2.615 0.0033856
2.625 0.00355065
2.635 0.003723
2.645 0.00390294
2.655 0.00409076
2.665 0.00428676
2.675 0.00449125
2.685 0.00470455
2.695 0.004927
2.705 0.00515894
2.715 0.00540071
2.725 0.00565268
2.735 0.00591523
2.745 0.00618873
2.755 0.00647359
2.765 0.0067702
2.775 0.00707898
2.785 0.00740037
2.795 0.00773481
2.805 0.00808273
2.815 0.00844463
2.825 0.00882096
2.835 0.00921221
2.845 0.0096189
2.855 0.0100415
2.865 0.0104806
2.875 0.0109368
2.885 0.0114105
2.895 0.0119023
2.905 0.0124128
2.915 0.0129427
2.925 0.0134925
2.935 0.0140628
2.945 0.0146542
2.955 0.0152676
2.965 0.0159034
2.975 0.0165623
2.985 0.0172451
2.995 0.0179525
3.005 0.0186852
3.015 0.0194438
3.025 0.0202293
3.035 0.0210422
3.045 0.0218834
3.055 0.0227538
3.065 0.023654
3.075 0.0245848
3.085 0.0255473
3.095 0.0265421
3.105 0.0275701
3.115 0.0286322
3.125 0.0297292
3.135 0.0308621
3.145 0.0320318
3.155 0.0332392
3.165 0.0344852
3.175 0.0357707
3.185 0.0370968
3.195 0.0384643
3.205 0.0398742
3.215 0.0413276
3.225 0.0428254
3.235 0.0443685
3.245 0.0459581
3.255 0.0475951
3.265 0.0492806
3.275 0.0510155
3.285 0.052801
3.295 0.054638
3.305 0.0565277
3.315 0.058471
3.325 0.060469
3.335 0.0625227
3.345 0.0646333
3.355 0.0668018
3.365 0.0690292
3.375 0.0713167
3.385 0.0736652
3.395 0.0760758
3.405 0.0785496
3.415 0.0810876
3.425 0.0836909
3.435 0.0863605
3.445 0.0890974
3.455 0.0919027
3.465 0.0947773
3.475 0.0977223
3.485 0.100739
3.495 0.103827
3.505 0.106989
3.515 0.110226
3.525 0.113537
3.535 0.116925
3.545 0.120389
3.555 0.123932
3.565 0.127553
3.575 0.131253
3.585 0.135034
3.595 0.138897
3.605 0.142841
3.615 0.146867
3.625 0.150977
3.635 0.155171
3.645 0.15945
3.655 0.163814
3.665 0.168263
3.675 0.172799
3.685 0.177422
3.695 0.182132
3.705 0.186929
3.715 0.191815
3.725 0.196789
3.735 0.201851
3.745 0.207002
3.755 0.212243
3.765 0.217572
3.775 0.222991
3.785 0.228499
3.795 0.234096
3.805 0.239782
3.815 0.245557
3.825 0.251421
3.835 0.257374
3.845 0.263415
3.855 0.269544
3.865 0.27576
3.875 0.282063
3.885 0.288452
3.895 0.294928
3.905 0.301488
3.915 0.308133
3.925 0.314861
3.935 0.321671
3.945 0.328564
3.955 0.335536
3.965 0.342589
3.975 0.349719
3.985 0.356927
3.995 0.36421
4.005 0.371567
4.015 0.378998
4.025 0.386499
4.035 0.394071
4.045 0.40171
4.055 0.409415
4.065 0.417185
4.075 0.425017
4.085 0.43291
4.095 0.440861
4.105 0.448869
4.115 0.45693
4.125 0.465043
4.135 0.473206
4.145 0.481415
4.155 0.489669
4.165 0.497965
4.175 0.5063
4.185 0.514672
4.195 0.523078
4.205 0.531514
4.215 0.539979
4.225 0.548469
4.235 0.556981
4.245 0.565511
4.255 0.574058
4.265 0.582617
4.275 0.591186
4.285 0.59976
4.295 0.608338
4.305 0.616914
4.315 0.625487
4.325 0.634052
4.335 0.642605
4.345 0.651144
4.355 0.659664
4.365 0.668162
4.375 0.676634
4.385 0.685076
4.395 0.693485
4.405 0.701857
4.415 0.710188
4.425 0.718475
4.435 0.726712
4.445 0.734897
4.455 0.743025
4.465 0.751094
4.475 0.759098
4.485 0.767033
4.495 0.774897
4.505 0.782685
4.515 0.790393
4.525 0.798017
4.535 0.805554
4.545 0.812999
4.555 0.820349
4.565 0.8276
4.575 0.834748
4.585 0.84179
4.595 0.848721
4.605 0.855538
4.615 0.862237
4.625 0.868815
4.635 0.875268
4.645 0.881593
4.655 0.887786
4.665 0.893843
4.675 0.899762
4.685 0.905539
4.695 0.911171
4.705 0.916654
4.715 0.921986
4.725 0.927164
4.735 0.932184
4.745 0.937044
4.755 0.941741
4.765 0.946272
4.775 0.950635
4.785 0.954827
4.795 0.958846
4.805 0.962689
4.815 0.966354
4.825 0.969839
4.835 0.973142
4.845 0.976261
4.855 0.979194
4.865 0.98194
4.875 0.984496
4.885 0.986862
4.895 0.989036
4.905 0.991016
4.915 0.992801
4.925 0.994391
4.935 0.995784
4.945 0.99698
4.955 0.997977
4.965 0.998776
4.975 0.999375
4.985 0.999775
4.995 0.999975
5.005 0.999975
5.015 0.999775
5.025 0.999375
5.035 0.998776
5.045 0.997977
5.055 0.99698
5.065 0.995784
5.075 0.994391
5.085 0.992801
5.095 0.991016
5.105 0.989036
5.115 0.986862
5.125 0.984496
5.135 0.98194
5.145 0.979194
5.155 0.976261
5.165 0.973142
5.175 0.969839
5.185 0.966354
5.195 0.962689
5.205 0.958846
5.215 0.954827
5.225 0.950635
5.235 0.946272
5.245 0.941741
5.255 0.937044
5.265 0.932184
5.275 0.927164
5.285 0.921986
5.295 0.916654
5.305 0.911171
5.315 0.905539
5.325 0.899762
5.335 0.893843
5.345 0.887786
5.355 0.881593
5.365 0.875268
5.375 0.868815
5.385 0.862237
5.395 0.855538
5.405 0.848721
5.415 0.84179
5.425 0.834748
5.435 0.8276
5.445 0.820349
5.455 0.812999
5.465 0.805554
5.475 0.798017
5.485 0.790393
5.495 0.782685
5.505 0.774897
5.515 0.767033
5.525 0.759098
5.535 0.751094
5.545 0.743025
5.555 0.734897
5.565 0.726712
5.575 0.718475
5.585 0.710188
5.595 0.701857
5.605 0.693485
5.615 0.685076
5.625 0.676634
5.635 0.668162
5.645 0.659664
5.655 0.651144
5.665 0.642605
5.675 0.634052
5.685 0.625487
5.695 0.616914
5.705 0.608338
5.715 0.59976
5.725 0.591186
5.735 0.582617
5.745 0.574058
5.755 0.565511
5.765 0.556981
5.775 0.548469
5.785 0.539979
5.795 0.531514
5.805 0.523078
5.815 0.514672
5.825 0.5063
5.835 0.497965
5.845 0.489669
5.855 0.481415
5.865 0.473206
5.875 0.465043
5.885 0.45693
5.895 0.448869
5.905 0.440861
5.915 0.43291
5.925 0.425017
5.935 0.417185
5.945 0.409415
5.955 0.40171
5.965 0.394071
5.975 0.386499
5.985 0.378998
5.995 0.371567
6.005 0.36421
6.015 0.356927
6.025 0.349719
6.035 0.342589
6.045 0.335536
6.055 0.328564
6.065 0.321671
6.075 0.314861
6.085 0.308133
6.095 0.301488
6.105 0.294928
6.115 0.288452
6.125 0.282063
6.135 0.27576
6.145 0.269544
6.155 0.263415
6.165 0.257374
6.175 0.251421
6.185 0.245557
6.195 0.239782
6.205 0.234096
6.215 0.228499
6.225 0.222991
6.235 0.217572
6.245 0.212243
6.255 0.207002
6.265 0.201851
6.275 0.196789
6.285 0.191815
6.295 0.186929
6.305 0.182132
6.315 0.177422
6.325 0.172799
6.335 0.168263
6.345 0.163814
6.355 0.15945
6.365 0.155171
6.375 0.150977
6.385 0.146867
6.395 0.142841
6.405 0.138897
6.415 0.135034
6.425 0.131253
6.435 0.127553
6.445 0.123932
6.455 0.120389
6.465 0.116925
6.475 0.113537
6.485 0.110226
6.495 0.106989
6.505 0.103827
6.515 0.100739
6.525 0.0977223
6.535 0.0947773
6.545 0.0919027
6.555 0.0890974
6.565 0.0863605
6.575 0.0836909
6.585 0.0810876
6.595 0.0785496
6.605 0.0760758
6.615 0.0736652
6.625 0.0713167
6.635 0.0690292
6.645 0.0668018
6.655 0.0646333
6.665 0.0625227
6.675 0.060469
6.685 0.058471
6.695 0.0565277
6.705 0.054638
6.715 0.052801
6.725 0.0510155
6.735 0.0492806
6.745 0.0475951
6.755 0.0459581
6.765 0.0443685
6.775 0.0428254
6.785 0.0413276
6.795 0.0398742
6.805 0.0384643
6.815 0.0370968
6.825 0.0357707
6.835 0.0344852
6.845 0.0332392
6.855 0.0320318
6.865 0.0308621
6.875 0.0297292
6.885 0.0286322
6.895 0.0275701
6.905 0.0265421
6.915 0.0255473
6.925 0.0245848
6.935 0.023654
6.945 0.0227538
6.955 0.0218834
6.965 0.0210422
6.975 0.0202293
6.985 0.0194438
6.995 0.0186852
7.005 0.0179525
7.015 0.0172451
7.025 0.0165623
7.035 0.0159034
7.045 0.0152676
7.055 0.0146542
7.065 0.0140628
7.075 0.0134925
7.085 0.0129427
7.095 0.0124128
7.105 0.0119023
7.115 0.0114105
7.125 0.0109368
7.135 0.0104806
7.145 0.0100415
7.155 0.0096189
7.165 0.00921221
7.175 0.00882096
7.185 0.00844463
7.195 0.00808273
7.205 0.00773481
7.215 0.00740037
7.225 0.00707898
7.235 0.0067702
7.245 0.00647359
7.255 0.00618873
7.265 0.00591523
7.275 0.00565268
7.285 0.00540071
7.295 0.00515894
7.305 0.004927
7.315 0.00470455
7.325 0.00449125
7.335 0.00428676
7.345 0.00409076
7.355 0.00390294
7.365 0.003723
7.375 0.00355065
7.385 0.0033856
7.395 0.00322757
7.405 0.00307631
7.415 0.00293155
7.425 0.00279304
7.435 0.00266054
7.445 0.00253383
7.455 0.00241266
7.465 0.00229683
7.475 0.00218612
7.485 0.00208034
7.495 0.00197927
7.505 0.00188274
7.515 0.00179056
7.525 0.00170256
7.535 0.00161855
7.545 0.00153838
7.555 0.00146189
7.565 0.00138893
7.575 0.00131934
7.585 0.00125299
7.595 0.00118973
7.605 0.00112945
7.615 0.001072
7.625 0.00101728
7.635 0.000965152
7.645 0.000915514
7.655 0.000868255
7.665 0.000823271
7.675 0.000780462
7.685 0.00073973
7.695 0.000700984
7.705 0.000664135
7.715 0.000629097
7.725 0.000595788
7.735 0.00056413
7.745 0.000534048
7.755 0.000505468
7.765 0.000478323
7.775 0.000452544
7.785 0.000428069
7.795 0.000404837
7.805 0.00038279
7.815 0.00036187
7.825 0.000342026
7.835 0.000323205
7.845 0.000305358
7.855 0.00028844
7.865 0.000272404
7.875 0.000257208
7.885 0.000242812
7.895 0.000229175
7.905 0.000216261
7.915 0.000204034
7.925 0.000192459
7.935 0.000181505
7.945 0.000171141
7.955 0.000161335
7.965 0.000152062
7.975 0.000143292
7.985 0.000135001
7.995 0.000127165
8.005 0.000119759
8.015 0.000112763
8.025 0.000106153
8.035 9.99116e-05
8.045 9.40179e-05
8.055 8.84543e-05
8.065 8.32032e-05
8.075 7.82482e-05
8.085 7.35735e-05
8.095 6.91644e-05
8.105 6.50064e-05
8.115 6.10862e-05
8.125 5.73909e-05
8.135 5.39084e-05
8.145 5.0627e-05
8.155 4.75359e-05
8.165 4.46246e-05
8.175 4.18832e-05
8.185 3.93024e-05
8.195 3.68732e-05
8.205 3.45873e-05
8.215 3.24365e-05
8.225 3.04135e-05
8.235 2.85109e-05
8.245 2.6722e-05
8.255 2.50403e-05
8.265 2.34597e-05
8.275 2.19746e-05
8.285 2.05793e-05
8.295 1.92688e-05
8.305 1.80381e-05
8.315 1.68826e-05
8.325 1.5798e-05
8.335 1.47802e-05
8.345 1.38251e-05
8.355 1.29292e-05
8.365 1.20889e-05
8.375 1.13009e-05
8.385 1.05622e-05
8.395 9.86986e-06
8.405 9.22102e-06
8.415 8.61311e-06
8.425 8.04367e-06
8.435 7.51038e-06
8.445 7.01104e-06
8.455 6.54359e-06
8.465 6.10608e-06
8.475 5.69669e-06
8.485 5.31368e-06
8.495 4.95544e-06
8.505 4.62042e-06
8.515 4.30719e-06
8.525 4.01439e-06
8.535 3.74075e-06
8.545 3.48506e-06
8.555 3.2462e-06
8.565 3.02311e-06
8.575 2.81478e-06
8.585 2.62029e-06
8.595 2.43875e-06
8.605 2.26933e-06
8.615 2.11126e-06
8.625 1.96381e-06
8.635 1.82629e-06
8.645 1.69806e-06
8.655 1.57852e-06
8.665 1.4671e-06
8.675 1.36327e-06
8.685 1.26654e-06
8.695 1.17643e-06
8.705 1.09252e-06
8.715 1.01439e-06
8.725 9.41657e-07
8.735 8.73965e-07
8.745 8.10978e-07
8.755 7.52379e-07
8.765 6.97876e-07
8.775 6.47191e-07
8.785 6.00067e-07
8.795 5.56263e-07
8.805 5.15553e-07
8.815 4.77728e-07
8.825 4.42589e-07
8.835 4.09952e-07
8.845 3.79647e-07
8.855 3.51511e-07
8.865 3.25395e-07
8.875 3.0116e-07
8.885 2.78673e-07
8.895 2.57815e-07
8.905 2.38469e-07
8.915 2.20532e-07
8.925 2.03902e-07
8.935 1.88489e-07
8.945 1.74206e-07
8.955 1.60974e-07
8.965 1.48716e-07
8.975 1.37365e-07
8.985 1.26855e-07
8.995 1.17125e-07
9.005 1.0812e-07
9.015 9.97873e-08
9.025 9.20784e-08
9.035 8.49481e-08
9.045 7.83543e-08
9.055 7.22578e-08
9.065 6.66224e-08
9.075 6.14142e-08
9.085 5.66018e-08
9.095 5.21561e-08
9.105 4.80499e-08
9.115 4.42582e-08
9.125 4.07575e-08
9.135 3.75263e-08
9.145 3.45442e-08
9.155 3.17928e-08
9.165 2.92547e-08
9.175 2.69138e-08
9.185 2.47553e-08
9.195 2.27654e-08
9.205 2.09312e-08
9.215 1.9241e-08
9.225 1.76837e-08
9.235 1.62492e-08
9.245 1.4928e-08
9.255 1.37116e-08
9.265 1.25917e-08
9.275 1.1561e-08
9.285 1.06126e-08
9.295 9.74e-09
9.305 8.93737e-09
9.315 8.19923e-09
9.325 7.52056e-09
9.335 6.89668e-09
9.345 6.3233e-09
9.355 5.79642e-09
9.365 5.31238e-09
9.375 4.86779e-09
9.385 4.45952e-09
9.395 4.08467e-09
9.405 3.74058e-09
9.415 3.42479e-09
9.425 3.13504e-09
9.435 2.86922e-09
9.445 2.62542e-09
9.455 2.40185e-09
9.465 2.19689e-09
9.475 2.00901e-09
9.485 1.83683e-09
9.495 1.67907e-09
9.505 1.53456e-09
9.515 1.4022e-09
9.525 1.281e-09
9.535 1.17004e-09
9.545 1.06848e-09
9.555 9.75545e-10
9.565 8.90512e-10
9.575 8.12728e-10
9.585 7.4159e-10
9.595 6.76543e-10
9.605 6.17078e-10
9.615 5.62728e-10
9.625 5.13062e-10
9.635 4.67686e-10
9.645 4.26237e-10
9.655 3.88385e-10
9.665 3.53823e-10
9.675 3.22272e-10
9.685 2.93476e-10
9.695 2.672e-10
9.705 2.43227e-10
9.715 2.21361e-10
9.725 2.01421e-10
9.735 1.8324e-10
9.745 1.66667e-10
9.755 1.51562e-10
9.765 1.37799e-10
9.775 1.25261e-10
9.785 1.1384e-10
9.795 1.0344e-10
9.805 9.39719e-11
9.815 8.5353e-11
9.825 7.75092e-11
9.835 7.0372e-11
9.845 6.38793e-11
9.855 5.79741e-11
9.865 5.26042e-11
9.875 4.77222e-11
9.885 4.32846e-11
9.895 3.92518e-11
9.905 3.55876e-11
9.915 3.2259e-11
9.925 2.92359e-11
9.935 2.64908e-11
9.945 2.39986e-11
9.955 2.17366e-11
9.965 1.96838e-11
9.975 1.78213e-11
9.985 1.61319e-11
9.995 1.45996e-11
