0.1 3.73757e-11
0.3 3.73757e-11
0.5 3.73757e-11
0.7 3.73757e-11
0.9 3.73757e-11
1.1 3.73757e-11
1.3 3.73757e-11
1.5 3.73757e-11
1.7 3.73757e-11
1.9 3.73757e-11
2.1 3.73757e-11
2.3 3.73757e-11
2.5 3.73757e-11
2.7 3.73757e-11
2.9 3.73757e-11
3.1 3.73757e-11
3.3 3.73757e-11
3.5 3.73757e-11
3.7 3.73757e-11
3.9 3.73757e-11
4.1 3.73757e-11
4.3 3.73757e-11
4.5 3.73757e-11
4.7 3.73757e-11
4.9 3.73757e-11
5.1 3.73757e-11
5.3 3.73757e-11
5.5 3.73757e-11
5.7 3.73757e-11
5.9 3.73757e-11
6.1 3.73757e-11
6.3 3.73757e-11
6.5 3.73757e-11
6.7 3.73757e-11
6.9 3.73757e-11
7.1 3.73757e-11
7.3 3.73757e-11
7.5 3.73757e-11
7.7 3.73757e-11
7.9 3.73757e-11
8.1 3.73757e-11
8.3 3.73757e-11
8.5 3.73757e-11
8.7 3.73757e-11
8.9 3.73757e-11
9.1 3.73757e-11
9.3 3.73757e-11
9.5 3.73757e-11
9.7 3.73757e-11
9.9 3.73757e-11
10.1 3.73757e-11
10.3 3.73757e-11
10.5 3.73757e-11
10.7 3.73757e-11
10.9 3.73757e-11
11.1 3.73757e-11
11.3 3.73757e-11
11.5 3.73757e-11
11.7 3.73757e-11
11.9 3.73757e-11
12.1 3.73757e-11
12.3 3.73757e-11
12.5 3.73757e-11
12.7 3.73757e-11
12.9 3.73757e-11
13.1 3.73758e-11
13.3 3.73764e-11
13.5 3.7379e-11
13.7 3.73911e-11
13.9 3.74468e-11
14.1 3.76951e-11
14.3 3.87772e-11
14.5 4.33797e-11
14.7 6.24977e-11
14.9 1.40077e-10
15.1 4.47723e-10
15.3 1.6403e-09
15.5 6.16074e-09
15.7 2.292e-08
15.9 8.37098e-08
16.1 2.99492e-07
16.3 1.04925e-06
16.5 3.59977e-06
16.7 1.20955e-05
16.9 3.98012e-05
17.1 0.000128182
17.3 0.000403137
17.5 0.00123027
17.7 0.00358735
17.9 0.00970593
18.1 0.0234015
18.3 0.0484646
18.5 0.0847473
18.7 0.126049
18.9 0.163659
19.1 0.191932
19.3 0.210042
19.5 0.220062
19.7 0.224714
19.9 0.226337
