0.125 4.77222e-11
0.375 5.13062e-10
0.625 4.86779e-09
0.875 4.07575e-08
1.125 3.0116e-07
1.375 1.96381e-06
1.625 1.13009e-05
1.875 5.73909e-05
2.125 0.000257208
2.375 0.00101728
2.625 0.00355065
2.875 0.0109368
3.125 0.0297292
3.375 0.0713167
3.625 0.150977
3.875 0.282063
4.125 0.465043
4.375 0.676634
4.625 0.868815
4.875 0.984496
5.125 0.984496
5.375 0.868815
5.625 0.676634
5.875 0.465043
6.125 0.282063
6.375 0.150977
6.625 0.0713167
6.875 0.0297292
7.125 0.0109368
7.375 0.00355065
7.625 0.00101728
7.875 0.000257208
8.125 5.73909e-05
8.375 1.13009e-05
8.625 1.96381e-06
8.875 3.0116e-07
9.125 4.07575e-08
9.375 4.86779e-09
9.625 5.13062e-10
9.875 4.77222e-11
